1.958208000000000084e+03 3.157099999999999795e+02
1.958291999999999916e+03 3.174499999999999886e+02
1.958375000000000000e+03 3.175000000000000000e+02
1.958541999999999916e+03 3.158600000000000136e+02
1.958625000000000000e+03 3.149300000000000068e+02
1.958708000000000084e+03 3.131999999999999886e+02
1.958875000000000000e+03 3.133299999999999841e+02
1.958958000000000084e+03 3.146700000000000159e+02
1.959041999999999916e+03 3.156200000000000045e+02
1.959125000000000000e+03 3.163799999999999955e+02
1.959208000000000084e+03 3.167099999999999795e+02
1.959291999999999916e+03 3.177200000000000273e+02
1.959375000000000000e+03 3.182900000000000205e+02
1.959458000000000084e+03 3.181499999999999773e+02
1.959541999999999916e+03 3.165400000000000205e+02
1.959625000000000000e+03 3.148000000000000114e+02
1.959708000000000084e+03 3.138399999999999750e+02
1.959791999999999916e+03 3.132599999999999909e+02
1.959875000000000000e+03 3.148000000000000114e+02
1.959958000000000084e+03 3.155799999999999841e+02
1.960041999999999916e+03 3.164300000000000068e+02
1.960125000000000000e+03 3.169700000000000273e+02
1.960208000000000084e+03 3.175799999999999841e+02
1.960291999999999916e+03 3.190199999999999818e+02
1.960375000000000000e+03 3.200299999999999727e+02
1.960458000000000084e+03 3.195899999999999750e+02
1.960541999999999916e+03 3.181800000000000068e+02
1.960625000000000000e+03 3.159100000000000250e+02
1.960708000000000084e+03 3.141600000000000250e+02
1.960791999999999916e+03 3.138299999999999841e+02
1.960875000000000000e+03 3.150000000000000000e+02
1.960958000000000084e+03 3.161899999999999977e+02
1.961041999999999916e+03 3.169300000000000068e+02
1.961125000000000000e+03 3.176999999999999886e+02
1.961208000000000084e+03 3.185400000000000205e+02
1.961291999999999916e+03 3.194800000000000182e+02
1.961375000000000000e+03 3.205799999999999841e+02
1.961458000000000084e+03 3.197699999999999818e+02
1.961541999999999916e+03 3.185699999999999932e+02
1.961625000000000000e+03 3.167900000000000205e+02
1.961708000000000084e+03 3.148000000000000114e+02
1.961791999999999916e+03 3.153799999999999955e+02
1.961875000000000000e+03 3.161000000000000227e+02
1.961958000000000084e+03 3.170099999999999909e+02
1.962041999999999916e+03 3.179399999999999977e+02
1.962125000000000000e+03 3.185600000000000023e+02
1.962208000000000084e+03 3.196800000000000068e+02
1.962291999999999916e+03 3.206299999999999955e+02
1.962375000000000000e+03 3.210099999999999909e+02
1.962458000000000084e+03 3.205500000000000114e+02
1.962541999999999916e+03 3.195799999999999841e+02
1.962625000000000000e+03 3.173999999999999773e+02
1.962708000000000084e+03 3.162599999999999909e+02
1.962791999999999916e+03 3.154200000000000159e+02
1.962875000000000000e+03 3.166899999999999977e+02
1.962958000000000084e+03 3.176899999999999977e+02
1.963041999999999916e+03 3.187400000000000091e+02
1.963125000000000000e+03 3.190799999999999841e+02
1.963208000000000084e+03 3.198600000000000136e+02
1.963291999999999916e+03 3.213899999999999864e+02
1.963375000000000000e+03 3.222500000000000000e+02
1.963458000000000084e+03 3.214700000000000273e+02
1.963541999999999916e+03 3.197400000000000091e+02
1.963625000000000000e+03 3.177699999999999818e+02
1.963708000000000084e+03 3.162099999999999795e+02
1.963791999999999916e+03 3.159900000000000091e+02
1.963875000000000000e+03 3.171200000000000045e+02
1.963958000000000084e+03 3.183100000000000023e+02
1.964041999999999916e+03 3.195699999999999932e+02
1.964375000000000000e+03 3.222500000000000000e+02
1.964458000000000084e+03 3.218899999999999864e+02
1.964541999999999916e+03 3.204399999999999977e+02
1.964625000000000000e+03 3.186999999999999886e+02
1.964708000000000084e+03 3.166999999999999886e+02
1.964791999999999916e+03 3.167900000000000205e+02
1.964875000000000000e+03 3.177900000000000205e+02
1.964958000000000084e+03 3.187099999999999795e+02
1.965041999999999916e+03 3.194399999999999977e+02
1.965125000000000000e+03 3.204399999999999977e+02
1.965208000000000084e+03 3.208899999999999864e+02
1.965291999999999916e+03 3.221299999999999955e+02
1.965375000000000000e+03 3.221600000000000250e+02
1.965458000000000084e+03 3.218700000000000045e+02
1.965541999999999916e+03 3.213899999999999864e+02
1.965625000000000000e+03 3.188100000000000023e+02
1.965708000000000084e+03 3.178100000000000023e+02
1.965791999999999916e+03 3.173000000000000114e+02
1.965875000000000000e+03 3.188700000000000045e+02
1.965958000000000084e+03 3.194200000000000159e+02
1.966041999999999916e+03 3.206200000000000045e+02
1.966125000000000000e+03 3.215899999999999750e+02
1.966208000000000084e+03 3.223899999999999864e+02
1.966291999999999916e+03 3.238700000000000045e+02
1.966375000000000000e+03 3.240099999999999909e+02
1.966458000000000084e+03 3.237500000000000000e+02
1.966541999999999916e+03 3.223899999999999864e+02
1.966625000000000000e+03 3.203700000000000045e+02
1.966708000000000084e+03 3.186399999999999864e+02
1.966791999999999916e+03 3.181000000000000227e+02
1.966875000000000000e+03 3.197900000000000205e+02
1.966958000000000084e+03 3.210799999999999841e+02
1.967041999999999916e+03 3.220699999999999932e+02
1.967125000000000000e+03 3.225000000000000000e+02
1.967208000000000084e+03 3.230400000000000205e+02
1.967291999999999916e+03 3.244200000000000159e+02
1.967375000000000000e+03 3.250000000000000000e+02
1.967458000000000084e+03 3.240899999999999750e+02
1.967541999999999916e+03 3.225500000000000114e+02
1.967625000000000000e+03 3.209200000000000159e+02
1.967708000000000084e+03 3.193100000000000023e+02
1.967791999999999916e+03 3.193100000000000023e+02
1.967875000000000000e+03 3.207200000000000273e+02
1.967958000000000084e+03 3.219599999999999795e+02
1.968041999999999916e+03 3.225699999999999932e+02
1.968125000000000000e+03 3.231499999999999773e+02
1.968208000000000084e+03 3.238899999999999864e+02
1.968291999999999916e+03 3.250199999999999818e+02
1.968375000000000000e+03 3.255699999999999932e+02
1.968458000000000084e+03 3.253600000000000136e+02
1.968541999999999916e+03 3.241399999999999864e+02
1.968625000000000000e+03 3.220299999999999727e+02
1.968708000000000084e+03 3.204100000000000250e+02
1.968791999999999916e+03 3.202500000000000000e+02
1.968875000000000000e+03 3.213100000000000023e+02
1.968958000000000084e+03 3.228399999999999750e+02
1.969041999999999916e+03 3.240000000000000000e+02
1.969125000000000000e+03 3.244200000000000159e+02
1.969208000000000084e+03 3.256399999999999864e+02
1.969291999999999916e+03 3.266600000000000250e+02
1.969375000000000000e+03 3.273399999999999750e+02
1.969458000000000084e+03 3.267599999999999909e+02
1.969541999999999916e+03 3.258799999999999955e+02
1.969625000000000000e+03 3.236700000000000159e+02
1.969708000000000084e+03 3.223799999999999955e+02
1.969791999999999916e+03 3.217799999999999727e+02
1.969875000000000000e+03 3.228500000000000227e+02
1.969958000000000084e+03 3.241100000000000136e+02
1.970041999999999916e+03 3.250299999999999727e+02
1.970125000000000000e+03 3.259900000000000091e+02
1.970208000000000084e+03 3.268700000000000045e+02
1.970291999999999916e+03 3.281299999999999955e+02
1.970375000000000000e+03 3.280699999999999932e+02
1.970458000000000084e+03 3.276600000000000250e+02
1.970541999999999916e+03 3.263500000000000227e+02
1.970625000000000000e+03 3.246899999999999977e+02
1.970708000000000084e+03 3.231000000000000227e+02
1.970791999999999916e+03 3.231600000000000250e+02
1.970875000000000000e+03 3.239800000000000182e+02
1.970958000000000084e+03 3.251299999999999955e+02
1.971041999999999916e+03 3.261700000000000159e+02
1.971125000000000000e+03 3.266800000000000068e+02
1.971208000000000084e+03 3.271800000000000068e+02
1.971291999999999916e+03 3.277799999999999727e+02
1.971375000000000000e+03 3.289200000000000159e+02
1.971458000000000084e+03 3.285699999999999932e+02
1.971541999999999916e+03 3.273399999999999750e+02
1.971625000000000000e+03 3.254599999999999795e+02
1.971708000000000084e+03 3.233600000000000136e+02
1.971791999999999916e+03 3.235699999999999932e+02
1.971875000000000000e+03 3.248000000000000114e+02
1.971958000000000084e+03 3.260099999999999909e+02
1.972041999999999916e+03 3.267699999999999818e+02
1.972125000000000000e+03 3.276299999999999955e+02
1.972208000000000084e+03 3.277500000000000000e+02
1.972291999999999916e+03 3.297200000000000273e+02
1.972375000000000000e+03 3.300699999999999932e+02
1.972458000000000084e+03 3.290899999999999750e+02
1.972541999999999916e+03 3.280500000000000114e+02
1.972625000000000000e+03 3.263199999999999932e+02
1.972708000000000084e+03 3.249300000000000068e+02
1.972791999999999916e+03 3.250600000000000023e+02
1.972875000000000000e+03 3.265000000000000000e+02
1.972958000000000084e+03 3.275500000000000114e+02
1.973041999999999916e+03 3.285400000000000205e+02
1.973125000000000000e+03 3.295600000000000023e+02
1.973208000000000084e+03 3.303000000000000114e+02
1.973291999999999916e+03 3.315000000000000000e+02
1.973375000000000000e+03 3.324800000000000182e+02
1.973458000000000084e+03 3.320699999999999932e+02
1.973541999999999916e+03 3.308700000000000045e+02
1.973625000000000000e+03 3.293100000000000023e+02
1.973708000000000084e+03 3.275099999999999909e+02
1.973791999999999916e+03 3.271800000000000068e+02
1.973875000000000000e+03 3.281600000000000250e+02
1.973958000000000084e+03 3.286399999999999864e+02
1.974041999999999916e+03 3.293500000000000227e+02
1.974125000000000000e+03 3.307099999999999795e+02
1.974208000000000084e+03 3.314800000000000182e+02
1.974291999999999916e+03 3.326499999999999773e+02
1.974375000000000000e+03 3.331899999999999977e+02
1.974458000000000084e+03 3.321200000000000045e+02
1.974541999999999916e+03 3.309900000000000091e+02
1.974625000000000000e+03 3.291700000000000159e+02
1.974708000000000084e+03 3.274100000000000250e+02
1.974791999999999916e+03 3.272099999999999795e+02
1.974875000000000000e+03 3.283399999999999750e+02
1.974958000000000084e+03 3.295000000000000000e+02
1.975041999999999916e+03 3.306800000000000068e+02
1.975125000000000000e+03 3.314100000000000250e+02
1.975208000000000084e+03 3.318500000000000227e+02
1.975291999999999916e+03 3.332900000000000205e+02
1.975375000000000000e+03 3.339100000000000250e+02
1.975458000000000084e+03 3.333999999999999773e+02
1.975541999999999916e+03 3.317400000000000091e+02
1.975625000000000000e+03 3.298799999999999955e+02
1.975708000000000084e+03 3.285699999999999932e+02
1.975791999999999916e+03 3.283600000000000136e+02
1.975875000000000000e+03 3.293299999999999841e+02
1.976041999999999916e+03 3.316600000000000250e+02
1.976125000000000000e+03 3.327500000000000000e+02
1.976208000000000084e+03 3.334599999999999795e+02
1.976291999999999916e+03 3.347799999999999727e+02
1.976375000000000000e+03 3.347799999999999727e+02
1.976458000000000084e+03 3.340600000000000023e+02
1.976541999999999916e+03 3.329499999999999886e+02
1.976625000000000000e+03 3.306399999999999864e+02
1.976708000000000084e+03 3.289599999999999795e+02
1.976791999999999916e+03 3.287699999999999818e+02
1.976875000000000000e+03 3.301800000000000068e+02
1.976958000000000084e+03 3.316499999999999773e+02
1.977041999999999916e+03 3.326899999999999977e+02
1.977125000000000000e+03 3.332300000000000182e+02
1.977208000000000084e+03 3.349700000000000273e+02
1.977291999999999916e+03 3.360299999999999727e+02
1.977375000000000000e+03 3.368199999999999932e+02
1.977458000000000084e+03 3.361000000000000227e+02
1.977541999999999916e+03 3.347900000000000205e+02
1.977625000000000000e+03 3.325299999999999727e+02
1.977708000000000084e+03 3.311899999999999977e+02
1.977791999999999916e+03 3.312099999999999795e+02
1.977875000000000000e+03 3.323500000000000227e+02
1.977958000000000084e+03 3.334700000000000273e+02
1.978041999999999916e+03 3.351000000000000227e+02
1.978125000000000000e+03 3.352599999999999909e+02
1.978208000000000084e+03 3.366100000000000136e+02
1.978291999999999916e+03 3.377699999999999818e+02
1.978375000000000000e+03 3.380099999999999909e+02
1.978458000000000084e+03 3.379800000000000182e+02
1.978541999999999916e+03 3.364800000000000182e+02
1.978625000000000000e+03 3.343700000000000045e+02
1.978708000000000084e+03 3.323299999999999841e+02
1.978791999999999916e+03 3.324100000000000250e+02
1.978875000000000000e+03 3.337599999999999909e+02
1.978958000000000084e+03 3.348299999999999841e+02
1.979041999999999916e+03 3.362099999999999795e+02
1.979125000000000000e+03 3.366499999999999773e+02
1.979208000000000084e+03 3.381299999999999955e+02
1.979291999999999916e+03 3.389399999999999977e+02
1.979375000000000000e+03 3.390000000000000000e+02
1.979458000000000084e+03 3.391999999999999886e+02
1.979541999999999916e+03 3.376000000000000227e+02
1.979625000000000000e+03 3.355600000000000023e+02
1.979708000000000084e+03 3.339300000000000068e+02
1.979791999999999916e+03 3.341200000000000045e+02
1.979875000000000000e+03 3.352599999999999909e+02
1.979958000000000084e+03 3.367799999999999727e+02
1.980041999999999916e+03 3.378000000000000114e+02
1.980125000000000000e+03 3.382799999999999727e+02
1.980208000000000084e+03 3.400400000000000205e+02
1.980291999999999916e+03 3.408600000000000136e+02
1.980375000000000000e+03 3.414700000000000273e+02
1.980458000000000084e+03 3.412599999999999909e+02
1.980541999999999916e+03 3.393399999999999750e+02
1.980625000000000000e+03 3.374499999999999886e+02
1.980708000000000084e+03 3.361000000000000227e+02
1.980791999999999916e+03 3.360500000000000114e+02
1.980875000000000000e+03 3.372099999999999795e+02
1.980958000000000084e+03 3.382900000000000205e+02
1.981041999999999916e+03 3.393600000000000136e+02
1.981125000000000000e+03 3.405099999999999909e+02
1.981208000000000084e+03 3.415699999999999932e+02
1.981291999999999916e+03 3.425600000000000023e+02
1.981375000000000000e+03 3.430099999999999909e+02
1.981458000000000084e+03 3.424900000000000091e+02
1.981541999999999916e+03 3.406800000000000068e+02
1.981625000000000000e+03 3.384900000000000091e+02
1.981708000000000084e+03 3.369200000000000159e+02
1.981791999999999916e+03 3.371200000000000045e+02
1.981875000000000000e+03 3.385899999999999750e+02
1.981958000000000084e+03 3.398999999999999773e+02
1.982041999999999916e+03 3.409200000000000159e+02
1.982125000000000000e+03 3.416899999999999977e+02
1.982208000000000084e+03 3.428500000000000227e+02
1.982291999999999916e+03 3.439200000000000159e+02
1.982375000000000000e+03 3.446700000000000159e+02
1.982458000000000084e+03 3.437799999999999727e+02
1.982541999999999916e+03 3.422300000000000182e+02
1.982625000000000000e+03 3.401100000000000136e+02
1.982708000000000084e+03 3.383199999999999932e+02
1.982791999999999916e+03 3.383899999999999864e+02
1.982875000000000000e+03 3.394800000000000182e+02
1.982958000000000084e+03 3.408799999999999955e+02
1.983041999999999916e+03 3.416399999999999864e+02
1.983125000000000000e+03 3.428700000000000045e+02
1.983208000000000084e+03 3.435899999999999750e+02
1.983291999999999916e+03 3.452500000000000000e+02
1.983375000000000000e+03 3.459599999999999795e+02
1.983458000000000084e+03 3.455199999999999818e+02
1.983541999999999916e+03 3.441499999999999773e+02
1.983625000000000000e+03 3.422500000000000000e+02
1.983708000000000084e+03 3.401700000000000159e+02
1.983791999999999916e+03 3.403000000000000114e+02
1.983875000000000000e+03 3.415299999999999727e+02
1.983958000000000084e+03 3.430699999999999932e+02
1.984041999999999916e+03 3.440500000000000114e+02
1.984125000000000000e+03 3.447699999999999818e+02
1.984208000000000084e+03 3.454599999999999795e+02
1.984375000000000000e+03 3.475500000000000114e+02
1.984458000000000084e+03 3.469800000000000182e+02
1.984541999999999916e+03 3.455500000000000114e+02
1.984625000000000000e+03 3.431999999999999886e+02
1.984708000000000084e+03 3.413500000000000227e+02
1.984791999999999916e+03 3.416800000000000068e+02
1.984875000000000000e+03 3.430600000000000023e+02
1.984958000000000084e+03 3.445400000000000205e+02
1.985041999999999916e+03 3.452500000000000000e+02
1.985125000000000000e+03 3.460600000000000023e+02
1.985208000000000084e+03 3.476600000000000250e+02
1.985291999999999916e+03 3.481999999999999886e+02
1.985375000000000000e+03 3.489200000000000159e+02
1.985458000000000084e+03 3.483999999999999773e+02
1.985541999999999916e+03 3.466499999999999773e+02
1.985625000000000000e+03 3.448500000000000227e+02
1.985708000000000084e+03 3.431999999999999886e+02
1.985791999999999916e+03 3.430799999999999841e+02
1.985875000000000000e+03 3.443999999999999773e+02
1.985958000000000084e+03 3.458199999999999932e+02
1.986041999999999916e+03 3.465400000000000205e+02
1.986125000000000000e+03 3.471299999999999955e+02
1.986208000000000084e+03 3.480500000000000114e+02
1.986291999999999916e+03 3.497699999999999818e+02
1.986375000000000000e+03 3.505299999999999727e+02
1.986458000000000084e+03 3.498999999999999773e+02
1.986541999999999916e+03 3.481100000000000136e+02
1.986625000000000000e+03 3.460899999999999750e+02
1.986708000000000084e+03 3.450099999999999909e+02
1.986791999999999916e+03 3.444700000000000273e+02
1.986875000000000000e+03 3.458600000000000136e+02
1.986958000000000084e+03 3.471499999999999773e+02
1.987041999999999916e+03 3.483799999999999955e+02
1.987125000000000000e+03 3.486999999999999886e+02
1.987208000000000084e+03 3.497200000000000273e+02
1.987291999999999916e+03 3.513199999999999932e+02
1.987375000000000000e+03 3.521399999999999864e+02
1.987458000000000084e+03 3.516100000000000136e+02
1.987541999999999916e+03 3.499100000000000250e+02
1.987625000000000000e+03 3.478399999999999750e+02
1.987708000000000084e+03 3.465199999999999818e+02
1.987791999999999916e+03 3.466499999999999773e+02
1.987875000000000000e+03 3.479599999999999795e+02
1.987958000000000084e+03 3.491800000000000068e+02
1.988041999999999916e+03 3.503799999999999955e+02
1.988125000000000000e+03 3.516800000000000068e+02
1.988208000000000084e+03 3.522400000000000091e+02
1.988291999999999916e+03 3.536600000000000250e+02
1.988375000000000000e+03 3.541800000000000068e+02
1.988458000000000084e+03 3.536800000000000068e+02
1.988541999999999916e+03 3.525799999999999841e+02
1.988625000000000000e+03 3.506600000000000250e+02
1.988708000000000084e+03 3.490299999999999727e+02
1.988791999999999916e+03 3.490799999999999841e+02
1.988875000000000000e+03 3.501499999999999773e+02
1.988958000000000084e+03 3.514399999999999977e+02
1.989041999999999916e+03 3.528899999999999864e+02
1.989125000000000000e+03 3.532400000000000091e+02
1.989208000000000084e+03 3.538000000000000114e+02
1.989291999999999916e+03 3.555899999999999750e+02
1.989375000000000000e+03 3.558899999999999864e+02
1.989458000000000084e+03 3.553000000000000114e+02
1.989541999999999916e+03 3.539800000000000182e+02
1.989625000000000000e+03 3.515299999999999727e+02
1.989708000000000084e+03 3.500199999999999818e+02
1.989791999999999916e+03 3.502900000000000205e+02
1.989875000000000000e+03 3.514399999999999977e+02
1.989958000000000084e+03 3.528399999999999750e+02
1.990041999999999916e+03 3.537900000000000205e+02
1.990125000000000000e+03 3.548799999999999955e+02
1.990208000000000084e+03 3.556499999999999773e+02
1.990291999999999916e+03 3.562799999999999727e+02
1.990375000000000000e+03 3.572900000000000205e+02
1.990458000000000084e+03 3.563199999999999932e+02
1.990541999999999916e+03 3.548799999999999955e+02
1.990625000000000000e+03 3.528899999999999864e+02
1.990708000000000084e+03 3.512799999999999727e+02
1.990791999999999916e+03 3.515899999999999750e+02
1.990875000000000000e+03 3.530500000000000114e+02
1.990958000000000084e+03 3.542699999999999818e+02
1.991041999999999916e+03 3.548700000000000045e+02
1.991125000000000000e+03 3.556800000000000068e+02
1.991208000000000084e+03 3.570600000000000023e+02
1.991291999999999916e+03 3.585099999999999909e+02
1.991375000000000000e+03 3.590899999999999750e+02
1.991458000000000084e+03 3.581000000000000227e+02
1.991541999999999916e+03 3.561200000000000045e+02
1.991625000000000000e+03 3.538899999999999864e+02
1.991708000000000084e+03 3.523000000000000114e+02
1.991791999999999916e+03 3.523199999999999932e+02
1.991875000000000000e+03 3.537900000000000205e+02
1.991958000000000084e+03 3.550699999999999932e+02
1.992041999999999916e+03 3.561700000000000159e+02
1.992125000000000000e+03 3.569300000000000068e+02
1.992208000000000084e+03 3.578199999999999932e+02
1.992291999999999916e+03 3.590000000000000000e+02
1.992375000000000000e+03 3.595500000000000114e+02
1.992458000000000084e+03 3.593199999999999932e+02
1.992541999999999916e+03 3.568500000000000227e+02
1.992625000000000000e+03 3.549100000000000250e+02
1.992708000000000084e+03 3.529300000000000068e+02
1.992791999999999916e+03 3.533100000000000023e+02
1.992875000000000000e+03 3.542699999999999818e+02
1.992958000000000084e+03 3.555299999999999727e+02
1.993041999999999916e+03 3.568600000000000136e+02
1.993125000000000000e+03 3.572699999999999818e+02
1.993208000000000084e+03 3.583600000000000136e+02
1.993291999999999916e+03 3.592699999999999818e+02
1.993375000000000000e+03 3.601899999999999977e+02
1.993458000000000084e+03 3.595199999999999818e+02
1.993541999999999916e+03 3.574200000000000159e+02
1.993625000000000000e+03 3.554599999999999795e+02
1.993708000000000084e+03 3.541000000000000227e+02
1.993791999999999916e+03 3.541200000000000045e+02
1.993875000000000000e+03 3.553999999999999773e+02
1.993958000000000084e+03 3.568399999999999750e+02
1.994041999999999916e+03 3.582200000000000273e+02
1.994125000000000000e+03 3.589800000000000182e+02
1.994208000000000084e+03 3.599100000000000250e+02
1.994291999999999916e+03 3.613199999999999932e+02
1.994375000000000000e+03 3.616800000000000068e+02
1.994458000000000084e+03 3.608000000000000114e+02
1.994541999999999916e+03 3.593899999999999864e+02
1.994625000000000000e+03 3.574200000000000159e+02
1.994708000000000084e+03 3.556299999999999955e+02
1.994791999999999916e+03 3.560899999999999750e+02
1.994875000000000000e+03 3.575600000000000023e+02
1.994958000000000084e+03 3.588700000000000045e+02
1.995041999999999916e+03 3.598700000000000045e+02
1.995125000000000000e+03 3.607900000000000205e+02
1.995208000000000084e+03 3.617699999999999818e+02
1.995291999999999916e+03 3.632300000000000182e+02
1.995375000000000000e+03 3.637699999999999818e+02
1.995458000000000084e+03 3.632200000000000273e+02
1.995541999999999916e+03 3.616999999999999886e+02
1.995625000000000000e+03 3.591100000000000136e+02
1.995708000000000084e+03 3.581100000000000136e+02
1.995791999999999916e+03 3.579700000000000273e+02
1.995875000000000000e+03 3.593999999999999773e+02
1.995958000000000084e+03 3.606100000000000136e+02
1.996041999999999916e+03 3.620400000000000205e+02
1.996125000000000000e+03 3.631700000000000159e+02
1.996208000000000084e+03 3.641700000000000159e+02
1.996291999999999916e+03 3.645099999999999909e+02
1.996375000000000000e+03 3.651600000000000250e+02
1.996458000000000084e+03 3.649300000000000068e+02
1.996541999999999916e+03 3.635299999999999727e+02
1.996625000000000000e+03 3.613799999999999955e+02
1.996708000000000084e+03 3.596000000000000227e+02
1.996791999999999916e+03 3.595400000000000205e+02
1.996875000000000000e+03 3.608399999999999750e+02
1.996958000000000084e+03 3.621800000000000068e+02
1.997041999999999916e+03 3.630400000000000205e+02
1.997125000000000000e+03 3.640899999999999750e+02
1.997208000000000084e+03 3.644700000000000273e+02
1.997291999999999916e+03 3.662500000000000000e+02
1.997375000000000000e+03 3.666899999999999977e+02
1.997458000000000084e+03 3.655899999999999750e+02
1.997541999999999916e+03 3.643399999999999750e+02
1.997625000000000000e+03 3.621999999999999886e+02
1.997708000000000084e+03 3.603100000000000023e+02
1.997791999999999916e+03 3.607099999999999795e+02
1.997875000000000000e+03 3.624399999999999977e+02
1.997958000000000084e+03 3.643299999999999841e+02
1.998041999999999916e+03 3.651800000000000068e+02
1.998125000000000000e+03 3.659800000000000182e+02
1.998208000000000084e+03 3.671299999999999955e+02
1.998291999999999916e+03 3.686100000000000136e+02
1.998375000000000000e+03 3.694900000000000091e+02
1.998458000000000084e+03 3.689499999999999886e+02
1.998541999999999916e+03 3.677400000000000091e+02
1.998625000000000000e+03 3.657900000000000205e+02
1.998708000000000084e+03 3.640099999999999909e+02
1.998791999999999916e+03 3.643500000000000227e+02
1.998875000000000000e+03 3.655199999999999818e+02
1.998958000000000084e+03 3.670799999999999841e+02
1.999041999999999916e+03 3.681200000000000045e+02
1.999125000000000000e+03 3.689800000000000182e+02
1.999208000000000084e+03 3.696000000000000227e+02
1.999291999999999916e+03 3.709599999999999795e+02
1.999375000000000000e+03 3.707699999999999818e+02
1.999458000000000084e+03 3.703299999999999841e+02
1.999541999999999916e+03 3.692799999999999727e+02
1.999625000000000000e+03 3.668600000000000136e+02
1.999708000000000084e+03 3.649399999999999977e+02
1.999791999999999916e+03 3.653500000000000227e+02
1.999875000000000000e+03 3.666800000000000068e+02
1.999958000000000084e+03 3.680400000000000205e+02
2.000041999999999916e+03 3.692500000000000000e+02
2.000125000000000000e+03 3.695000000000000000e+02
2.000208000000000084e+03 3.705600000000000023e+02
2.000291999999999916e+03 3.718199999999999932e+02
2.000375000000000000e+03 3.715099999999999909e+02
2.000458000000000084e+03 3.717099999999999795e+02
2.000541999999999916e+03 3.698500000000000227e+02
2.000625000000000000e+03 3.681999999999999886e+02
2.000708000000000084e+03 3.669100000000000250e+02
2.000791999999999916e+03 3.669900000000000091e+02
2.000875000000000000e+03 3.683299999999999841e+02
2.000958000000000084e+03 3.696700000000000159e+02
2.001041999999999916e+03 3.705199999999999818e+02
2.001125000000000000e+03 3.714900000000000091e+02
2.001208000000000084e+03 3.725299999999999727e+02
2.001291999999999916e+03 3.733700000000000045e+02
2.001375000000000000e+03 3.738199999999999932e+02
2.001458000000000084e+03 3.731800000000000068e+02
2.001541999999999916e+03 3.715699999999999932e+02
2.001625000000000000e+03 3.696299999999999955e+02
2.001708000000000084e+03 3.681600000000000250e+02
2.001791999999999916e+03 3.684200000000000159e+02
2.001875000000000000e+03 3.696899999999999977e+02
2.001958000000000084e+03 3.711800000000000068e+02
2.002041999999999916e+03 3.724499999999999886e+02
2.002125000000000000e+03 3.731399999999999864e+02
2.002208000000000084e+03 3.739300000000000068e+02
2.002291999999999916e+03 3.750000000000000000e+02
2.002375000000000000e+03 3.756499999999999773e+02
2.002458000000000084e+03 3.755000000000000000e+02
2.002541999999999916e+03 3.740000000000000000e+02
2.002625000000000000e+03 3.718299999999999841e+02
2.002708000000000084e+03 3.706600000000000250e+02
2.002791999999999916e+03 3.705099999999999909e+02
2.002875000000000000e+03 3.721999999999999886e+02
2.002958000000000084e+03 3.737099999999999795e+02
2.003041999999999916e+03 3.748700000000000045e+02
2.003125000000000000e+03 3.756200000000000045e+02
2.003208000000000084e+03 3.764800000000000182e+02
2.003291999999999916e+03 3.777400000000000091e+02
2.003375000000000000e+03 3.785000000000000000e+02
2.003458000000000084e+03 3.781800000000000068e+02
2.003541999999999916e+03 3.767200000000000273e+02
2.003625000000000000e+03 3.743100000000000023e+02
2.003708000000000084e+03 3.731999999999999886e+02
2.003791999999999916e+03 3.731000000000000227e+02
2.003875000000000000e+03 3.746399999999999864e+02
2.003958000000000084e+03 3.759300000000000068e+02
2.004041999999999916e+03 3.770000000000000000e+02
2.004125000000000000e+03 3.778700000000000045e+02
2.004208000000000084e+03 3.787300000000000182e+02
2.004291999999999916e+03 3.804100000000000250e+02
2.004375000000000000e+03 3.806299999999999955e+02
2.004458000000000084e+03 3.795600000000000023e+02
2.004541999999999916e+03 3.776100000000000136e+02
2.004625000000000000e+03 3.761499999999999773e+02
2.004708000000000084e+03 3.741100000000000136e+02
2.004791999999999916e+03 3.744399999999999977e+02
2.004875000000000000e+03 3.759300000000000068e+02
2.004958000000000084e+03 3.774499999999999886e+02
2.005041999999999916e+03 3.784700000000000273e+02
2.005125000000000000e+03 3.797599999999999909e+02
2.005208000000000084e+03 3.811399999999999864e+02
2.005291999999999916e+03 3.821999999999999886e+02
2.005375000000000000e+03 3.824700000000000273e+02
2.005458000000000084e+03 3.821999999999999886e+02
2.005541999999999916e+03 3.807799999999999727e+02
2.005625000000000000e+03 3.787300000000000182e+02
2.005708000000000084e+03 3.766600000000000250e+02
2.005791999999999916e+03 3.769800000000000182e+02
2.005875000000000000e+03 3.782900000000000205e+02
2.005958000000000084e+03 3.799200000000000159e+02
2.006041999999999916e+03 3.813500000000000227e+02
2.006125000000000000e+03 3.821600000000000250e+02
2.006208000000000084e+03 3.826600000000000250e+02
2.006291999999999916e+03 3.847300000000000182e+02
2.006375000000000000e+03 3.849800000000000182e+02
2.006458000000000084e+03 3.840899999999999750e+02
2.006541999999999916e+03 3.823799999999999955e+02
2.006625000000000000e+03 3.804499999999999886e+02
2.006708000000000084e+03 3.789200000000000159e+02
2.006791999999999916e+03 3.791600000000000250e+02
2.006875000000000000e+03 3.801800000000000068e+02
2.006958000000000084e+03 3.817900000000000205e+02
2.007041999999999916e+03 3.829300000000000068e+02
2.007125000000000000e+03 3.838100000000000023e+02
2.007208000000000084e+03 3.845600000000000023e+02
2.007291999999999916e+03 3.863999999999999773e+02
2.007375000000000000e+03 3.865799999999999841e+02
2.007458000000000084e+03 3.860500000000000114e+02
2.007541999999999916e+03 3.844900000000000091e+02
2.007625000000000000e+03 3.820000000000000000e+02
2.007708000000000084e+03 3.808999999999999773e+02
2.007791999999999916e+03 3.811399999999999864e+02
2.007875000000000000e+03 3.824200000000000159e+02
2.007958000000000084e+03 3.838899999999999864e+02
2.008041999999999916e+03 3.854399999999999977e+02
2.008125000000000000e+03 3.857300000000000182e+02
2.008208000000000084e+03 3.859700000000000273e+02
2.008291999999999916e+03 3.871600000000000250e+02
2.008375000000000000e+03 3.885000000000000000e+02
2.008458000000000084e+03 3.878799999999999955e+02
2.008541999999999916e+03 3.864300000000000068e+02
2.008625000000000000e+03 3.841499999999999773e+02
2.008708000000000084e+03 3.830899999999999750e+02
2.008791999999999916e+03 3.829900000000000091e+02
2.008875000000000000e+03 3.841299999999999955e+02
2.008958000000000084e+03 3.855600000000000023e+02
2.009041999999999916e+03 3.869399999999999977e+02
2.009125000000000000e+03 3.874200000000000159e+02
2.009208000000000084e+03 3.887699999999999818e+02
2.009291999999999916e+03 3.894399999999999977e+02
2.009375000000000000e+03 3.901899999999999977e+02
2.009458000000000084e+03 3.894499999999999886e+02
2.009541999999999916e+03 3.877799999999999727e+02
2.009625000000000000e+03 3.859200000000000159e+02
2.009708000000000084e+03 3.847900000000000205e+02
2.009791999999999916e+03 3.843899999999999864e+02
2.009875000000000000e+03 3.860000000000000000e+02
2.009958000000000084e+03 3.873100000000000023e+02
2.010041999999999916e+03 3.885000000000000000e+02
2.010125000000000000e+03 3.899399999999999977e+02
2.010208000000000084e+03 3.910899999999999750e+02
2.010291999999999916e+03 3.925199999999999818e+02
2.010375000000000000e+03 3.930400000000000205e+02
2.010458000000000084e+03 3.921499999999999773e+02
2.010541999999999916e+03 3.902200000000000273e+02
2.010625000000000000e+03 3.882599999999999909e+02
2.010708000000000084e+03 3.868299999999999841e+02
2.010791999999999916e+03 3.871999999999999886e+02
2.010875000000000000e+03 3.886499999999999773e+02
2.010958000000000084e+03 3.897300000000000182e+02
2.011041999999999916e+03 3.912500000000000000e+02
2.011125000000000000e+03 3.918199999999999932e+02
2.011208000000000084e+03 3.924900000000000091e+02
2.011291999999999916e+03 3.933399999999999750e+02
2.011375000000000000e+03 3.942099999999999795e+02
2.011458000000000084e+03 3.937200000000000273e+02
2.011541999999999916e+03 3.924200000000000159e+02
2.011625000000000000e+03 3.901899999999999977e+02
2.011708000000000084e+03 3.890400000000000205e+02
2.011791999999999916e+03 3.889599999999999795e+02
2.011875000000000000e+03 3.902400000000000091e+02
2.011958000000000084e+03 3.918299999999999841e+02
2.012041999999999916e+03 3.931200000000000045e+02
2.012125000000000000e+03 3.936000000000000227e+02
2.012208000000000084e+03 3.944499999999999886e+02
2.012291999999999916e+03 3.961800000000000068e+02
2.012375000000000000e+03 3.967799999999999727e+02
2.012458000000000084e+03 3.958299999999999841e+02
2.012541999999999916e+03 3.943000000000000114e+02
2.012625000000000000e+03 3.924100000000000250e+02
2.012708000000000084e+03 3.910600000000000023e+02
2.012791999999999916e+03 3.910099999999999909e+02
2.012875000000000000e+03 3.928100000000000023e+02
2.012958000000000084e+03 3.942799999999999727e+02
2.013041999999999916e+03 3.955400000000000205e+02
2.013125000000000000e+03 3.968000000000000114e+02
2.013208000000000084e+03 3.973100000000000023e+02
2.013291999999999916e+03 3.983500000000000227e+02
2.013375000000000000e+03 3.997599999999999909e+02
2.013458000000000084e+03 3.985799999999999841e+02
2.013541999999999916e+03 3.971999999999999886e+02
2.013625000000000000e+03 3.951499999999999773e+02
2.013708000000000084e+03 3.935099999999999909e+02
2.013791999999999916e+03 3.936600000000000250e+02
2.013875000000000000e+03 3.951100000000000136e+02
2.013958000000000084e+03 3.968100000000000023e+02
2.014041999999999916e+03 3.978000000000000114e+02
2.014125000000000000e+03 3.979100000000000250e+02
2.014208000000000084e+03 3.995799999999999841e+02
2.014291999999999916e+03 4.012900000000000205e+02
2.014375000000000000e+03 4.017799999999999727e+02
2.014458000000000084e+03 4.011499999999999773e+02
2.014541999999999916e+03 3.990000000000000000e+02
2.014625000000000000e+03 3.970099999999999909e+02
2.014708000000000084e+03 3.952599999999999909e+02
2.014791999999999916e+03 3.959300000000000068e+02
2.014875000000000000e+03 3.971299999999999955e+02
2.014958000000000084e+03 3.987799999999999727e+02
2.015041999999999916e+03 3.999599999999999795e+02
2.015125000000000000e+03 4.002599999999999909e+02
2.015208000000000084e+03 4.015199999999999818e+02
2.015291999999999916e+03 4.032599999999999909e+02
2.015375000000000000e+03 4.039399999999999977e+02
2.015458000000000084e+03 4.028000000000000114e+02
2.015541999999999916e+03 4.013000000000000114e+02
2.015625000000000000e+03 3.988199999999999932e+02
