2.270000000000000018e+00 2.007230000000000132e+02 1.400000000000000029e-02 2.007180000000000177e+02
2.720000000000000195e+00 2.495080000000000098e+02 1.899999999999999953e-02 2.494990000000000236e+02
3.180000000000000160e+00 2.930240000000000009e+02 2.500000000000000139e-02 2.930090000000000146e+02
3.629999999999999893e+00 3.277699999999999818e+02 2.299999999999999961e-02 3.277659999999999627e+02
4.080000000000000071e+00 3.540810000000000173e+02 2.199999999999999872e-02 3.540620000000000118e+02
4.540000000000000036e+00 3.720790000000000077e+02 2.100000000000000130e-02 3.721089999999999804e+02
4.990000000000000213e+00 3.814929999999999950e+02 1.800000000000000211e-02 3.815229999999999677e+02
5.450000000000000178e+00 3.834780000000000086e+02 1.800000000000000211e-02 3.834879999999999995e+02
5.900000000000000355e+00 3.789010000000000105e+02 1.600000000000000033e-02 3.788690000000000282e+02
6.349999999999999645e+00 3.688330000000000268e+02 1.400000000000000029e-02 3.688290000000000077e+02
6.809999999999999609e+00 3.540629999999999882e+02 1.300000000000000114e-02 3.540649999999999977e+02
7.259999999999999787e+00 3.362780000000000200e+02 1.200000000000000025e-02 3.362650000000000432e+02
7.709999999999999964e+00 3.160760000000000218e+02 1.099999999999999936e-02 3.160980000000000132e+02
8.169999999999999929e+00 2.939239999999999782e+02 1.000000000000000021e-02 2.939159999999999968e+02
8.619999999999999218e+00 2.714320000000000164e+02 1.099999999999999936e-02 2.714240000000000350e+02
9.080000000000000071e+00 2.482390000000000043e+02 1.200000000000000025e-02 2.482599999999999909e+02
9.529999999999999361e+00 2.259399999999999977e+02 1.400000000000000029e-02 2.259310000000000116e+02
9.980000000000000426e+00 2.043269999999999982e+02 1.600000000000000033e-02 2.043149999999999977e+02
1.043999999999999950e+01 1.832620000000000005e+02 1.800000000000000211e-02 1.832510000000000048e+02
1.089000000000000057e+01 1.638300000000000125e+02 2.199999999999999872e-02 1.638590000000000089e+02
1.133999999999999986e+01 1.457500000000000000e+02 2.199999999999999872e-02 1.457959999999999923e+02
1.180000000000000071e+01 1.288350000000000080e+02 2.299999999999999961e-02 1.287770000000000152e+02
1.225000000000000000e+01 1.135679999999999978e+02 2.299999999999999961e-02 1.135619999999999976e+02
1.271000000000000085e+01 9.945099999999999341e+01 2.299999999999999961e-02 9.945699999999999363e+01
1.316000000000000014e+01 8.703600000000000136e+01 2.199999999999999872e-02 8.703000000000000114e+01
1.360999999999999943e+01 7.587600000000000477e+01 2.100000000000000130e-02 7.589300000000000068e+01
1.407000000000000028e+01 6.576600000000000534e+01 2.000000000000000042e-02 6.576000000000000512e+01
1.451999999999999957e+01 5.700800000000000267e+01 1.899999999999999953e-02 5.698199999999999932e+01
1.497000000000000064e+01 4.922299999999999898e+01 1.899999999999999953e-02 4.923499999999999943e+01
1.542999999999999972e+01 4.226700000000000301e+01 1.899999999999999953e-02 4.228600000000000136e+01
1.588000000000000078e+01 3.635199999999999676e+01 2.100000000000000130e-02 3.634399999999999409e+01
1.633999999999999986e+01 3.106200000000000117e+01 2.299999999999999961e-02 3.105499999999999972e+01
1.678999999999999915e+01 2.657999999999999829e+01 2.600000000000000228e-02 2.656599999999999895e+01
1.723999999999999844e+01 2.264399999999999835e+01 2.800000000000000058e-02 2.267699999999999960e+01
1.769999999999999929e+01 1.925499999999999901e+01 2.999999999999999889e-02 1.924899999999999878e+01
1.814999999999999858e+01 1.639099999999999824e+01 3.200000000000000067e-02 1.636499999999999844e+01
1.860999999999999943e+01 1.381099999999999994e+01 3.300000000000000155e-02 1.383699999999999974e+01
1.905999999999999872e+01 1.171599999999999930e+01 3.500000000000000333e-02 1.172199999999999953e+01
1.951000000000000156e+01 9.920999999999999375e+00 4.100000000000000172e-02 9.913000000000000256e+00
1.996999999999999886e+01 8.364000000000000767e+00 5.500000000000000028e-02 8.338000000000000966e+00
2.042000000000000171e+01 7.086999999999999744e+00 8.799999999999999489e-02 7.029999999999999361e+00
2.087000000000000099e+01 5.801000000000000156e+00 1.549999999999999989e-01 5.916999999999999815e+00
2.132999999999999829e+01 4.522999999999999687e+00 2.820000000000000284e-01 4.955000000000000071e+00
